26
27
60
78
118
163
196
201
229
233
254
307
311
332
374
405
412
445
446
458
460
481
625
831
839
909
911
1034
1040
1081
1235
1334
1355
1455
1594
1624
1723
1743
1867
2002
2136
2159
2289
2384
2436
2514
2518
2843
2893
2911
2952
3168
3214
3240
3242
3374
3436
3486
3607
3664
3699
3723
3807
3830
3857
4014
4018
4267
4397
4406
4441
4788
4813
4830
4859
4898
5049
5104
5192
5322
5390
5456
5463
5678
5703
5750
5808
6019
6081
6181
6209
6367
6437
6454
6529
6563
6836
6848
6880
6925
7067
7190
7226
7264
7278
7312
7367
7402
7447
7505
8063
8088
8095
8098
8108
8226
8419
8425
8580
8609
8629
8630
8747
8770
8797
8838
