19
32
39
40
83
87
89
103
125
150
198
200
211
226
248
250
289
298
302
322
328
403
426
441
587
669
696
730
887
1069
1088
1098
1116
1183
1246
1263
1363
1447
1502
1553
1578
1737
1841
1898
1926
1963
1970
1992
2007
2092
2182
2196
2391
2416
2691
2764
2817
2836
2910
2989
3112
3235
3259
3440
3526
3879
3947
3982
3983
4051
4088
4137
4160
4195
4214
4297
4340
4362
4481
4640
4680
4853
5022
5163
5339
5393
5514
5561
5652
5688
5778
5789
5867
6000
6064
6078
6147
6272
6385
6415
6476
6531
6818
7059
7078
7113
7148
7178
7302
7511
7517
7635
7780
7794
7800
7859
8014
8051
8123
8238
8312
8324
8465
8468
8975
